50
100
62 61 58 53 67 66 47 65 69 68 64 45 70 71 63 44 42 60 72 59 41 73 74 57 56 39 55 54 38 37 52 51 50 49 48 76 46 43 75 40 36 35 77 34 31 30 33 29 32 78 22 79 28 27 80 20 26 25 24 23 83 82 81 85 84 87 89 21 19 90 88 92 86 95 94 18 98 96 97 93 17 15 99 91 16 100 14 12 13 9 8 11 6 5 10 7 4 3 2 1 
100
42 40 38 37 35 41 44 43 34 33 45 39 46 36 32 29 24 19 49 50 14 48 51 52 53 47 54 13 31 55 11 58 57 56 30 59 28 60 62 63 27 26 61 10 25 23 22 21 64 66 65 20 18 67 17 16 15 7 70 68 69 12 5 2 9 8 71 73 6 72 4 1 3 76 75 77 78 80 81 79 74 82 83 84 90 93 92 89 91 94 88 87 86 96 95 97 85 98 100 99 
100
62 61 63 59 58 60 57 56 55 64 54 65 52 51 47 53 50 49 48 46 68 44 69 67 66 74 72 71 76 77 70 42 75 73 45 43 41 79 81 80 40 78 36 39 38 35 83 82 34 37 32 31 33 28 30 26 25 84 23 29 18 14 27 24 87 86 88 85 89 90 13 91 22 92 21 20 93 19 17 16 15 11 10 95 94 8 1 12 97 98 96 100 99 9 7 6 5 4 3 2 
100
85 84 83 80 86 82 81 87 75 79 78 89 90 77 76 91 88 93 92 74 71 65 73 72 94 64 70 63 62 95 69 96 97 68 58 67 98 99 66 56 61 60 59 55 53 51 100 48 57 44 54 52 50 42 49 47 46 38 45 43 36 35 41 40 39 33 37 34 32 31 30 27 26 29 24 23 28 21 18 25 22 17 14 20 13 11 19 10 16 8 7 2 15 1 12 9 6 5 4 3 
100
48 49 53 52 50 45 43 56 55 54 51 57 47 46 44 40 39 42 38 58 41 37 35 32 36 31 30 34 59 33 28 26 24 61 60 23 29 22 27 21 19 25 20 63 62 18 15 14 17 64 12 10 9 65 16 66 13 67 11 7 6 5 73 75 72 77 71 70 69 78 76 79 74 4 81 82 84 80 68 8 2 1 86 87 85 83 88 89 91 92 90 93 3 94 96 95 100 99 98 97 
100
17 16 15 13 14 18 11 10 7 5 21 20 3 1 22 23 24 25 27 28 29 31 32 34 30 36 39 37 35 40 38 33 42 43 44 46 48 45 49 51 54 60 61 62 59 58 63 57 64 65 67 68 56 66 73 75 78 82 83 81 80 79 85 77 84 86 87 91 89 93 88 96 97 98 100 99 95 94 92 90 76 74 72 71 70 69 55 53 52 50 47 41 26 19 12 9 8 6 4 2 
100
52 51 50 48 49 47 46 42 41 57 56 58 59 60 54 53 45 61 44 55 43 40 39 38 62 37 63 36 34 33 64 65 32 31 30 35 66 25 24 68 71 73 74 75 72 78 77 80 76 82 81 83 86 85 84 79 70 88 87 69 22 90 21 20 89 19 18 67 15 91 9 29 92 94 93 28 27 95 26 7 23 5 3 97 2 96 1 100 99 98 17 16 14 13 12 11 10 8 6 4 
100
80 79 78 83 77 82 75 81 71 84 76 67 85 86 87 89 63 88 90 62 58 91 57 74 56 73 72 70 69 55 95 53 94 93 96 97 98 99 100 92 49 47 46 68 66 45 44 65 39 64 36 35 34 61 60 59 32 54 31 52 51 30 50 48 29 27 43 26 42 41 40 25 38 37 33 22 20 28 24 23 21 19 18 17 15 10 7 16 14 13 12 6 5 3 2 11 9 8 4 1 
100
14 13 11 15 12 7 6 16 2 1 10 9 8 17 5 4 18 3 21 22 23 20 24 19 26 27 29 28 30 25 33 32 31 37 38 35 36 34 39 40 41 42 45 46 44 43 48 49 47 51 52 53 54 58 56 59 60 62 57 64 63 65 66 67 68 61 70 72 73 71 69 74 77 76 78 79 75 80 83 85 89 84 55 50 93 91 90 95 94 97 96 92 99 98 88 87 100 86 82 81 
100
6 10 5 9 8 11 14 13 4 2 1 15 18 17 19 16 12 20 21 7 22 3 23 24 25 26 29 30 32 28 27 33 34 35 31 38 39 37 42 44 43 41 46 40 49 50 48 53 51 54 55 47 45 59 62 61 60 63 58 65 64 66 57 56 52 68 36 69 71 72 70 67 75 76 74 73 79 81 78 77 83 84 88 87 86 85 92 82 93 80 96 97 98 100 99 95 94 91 90 89 
100
9 5 10 8 11 4 12 13 2 7 14 15 6 16 3 1 18 24 20 26 25 19 27 23 29 30 17 28 22 21 33 41 43 46 38 45 44 37 49 48 47 42 40 39 53 50 57 59 56 58 55 52 62 64 61 63 60 51 54 68 72 71 69 67 66 75 65 74 76 73 77 36 78 35 70 79 80 34 81 32 31 83 82 85 84 86 89 92 96 98 97 94 93 100 99 95 91 90 88 87 
100
18 19 16 21 20 23 22 17 24 13 15 10 14 25 9 12 4 11 3 8 26 2 7 6 27 28 31 29 32 30 34 33 36 41 42 43 45 46 40 39 38 37 50 53 54 52 55 49 56 51 57 48 35 5 47 1 44 59 58 60 61 64 65 63 62 67 68 69 66 71 72 70 77 75 78 81 73 85 86 84 87 88 89 90 83 93 92 95 94 91 96 82 80 97 98 99 100 79 76 74 
100
3 8 7 9 5 13 12 11 14 4 15 1 18 20 19 21 23 17 16 22 10 6 2 26 25 24 30 31 32 29 34 35 33 37 38 36 39 40 41 28 27 42 46 45 44 43 48 51 50 53 54 52 55 49 56 47 57 60 59 58 64 65 63 66 62 67 70 69 68 72 73 74 75 71 61 76 77 78 79 80 81 82 83 84 85 86 88 89 90 93 92 95 97 96 94 98 91 100 99 87 
100
44 45 46 47 43 42 51 50 49 53 40 54 55 39 36 56 35 34 52 58 33 59 60 62 57 48 41 38 37 64 63 61 32 31 30 65 68 69 66 28 67 29 22 27 18 26 17 25 70 24 71 15 72 23 21 73 14 75 74 20 79 78 77 82 81 83 86 90 89 88 85 91 84 87 19 80 92 16 76 94 93 13 95 12 11 8 96 97 98 10 9 100 99 7 6 3 5 4 2 1 
100
84 86 85 83 82 87 81 88 80 79 76 78 72 70 89 69 90 77 75 92 91 94 95 93 68 66 98 96 99 97 65 100 74 73 71 67 64 63 62 61 60 59 58 57 56 55 53 54 50 52 51 47 46 45 44 49 42 48 41 38 37 43 35 40 34 30 39 36 26 33 32 31 29 24 28 27 23 21 19 25 22 17 15 20 14 18 16 13 7 12 11 10 4 9 3 8 6 5 1 2 
100
57 54 56 55 59 53 52 51 60 50 62 61 49 63 58 47 64 48 46 40 65 66 38 67 45 44 69 68 71 36 32 72 31 30 73 74 70 75 28 76 77 26 43 22 42 41 39 37 35 21 79 78 34 81 80 33 20 19 18 29 27 17 25 24 16 10 23 15 84 83 9 4 82 85 14 13 86 3 87 88 89 90 12 11 92 91 8 7 6 95 94 93 99 98 100 97 96 5 2 1 
100
68 67 72 71 73 66 62 70 61 69 60 65 74 64 63 76 59 75 53 52 51 77 58 78 50 57 47 56 55 54 79 80 81 82 49 83 84 48 85 44 88 90 89 87 92 42 93 91 41 39 86 36 46 45 43 94 97 99 96 34 98 95 40 100 38 31 37 35 29 28 33 24 32 30 23 27 26 22 25 21 20 19 16 18 15 14 13 17 12 11 10 9 6 4 2 8 7 5 3 1 
100
68 67 65 64 62 66 54 63 52 51 61 60 50 69 70 49 48 72 73 75 71 76 77 74 59 58 43 41 57 78 56 40 80 79 81 55 84 86 88 83 89 90 82 39 87 85 53 91 37 31 92 94 30 28 98 100 99 97 27 96 24 95 93 22 21 47 20 19 46 18 16 45 44 15 13 42 38 36 11 8 35 34 33 32 4 29 1 26 25 23 17 14 12 10 9 7 6 5 3 2 
100
57 56 60 55 62 61 54 63 59 58 52 46 53 45 42 51 64 66 50 67 68 70 49 71 48 69 65 72 47 44 43 41 40 39 38 37 73 34 36 35 28 33 26 74 24 75 32 31 77 79 30 80 81 78 76 22 84 83 85 20 19 82 18 29 86 87 88 27 89 92 90 91 93 25 94 16 13 12 11 97 8 96 95 5 3 98 100 23 21 17 15 14 10 99 9 7 6 4 2 1 
100
38 41 37 44 40 45 43 39 42 34 33 32 36 31 28 23 22 20 35 14 48 50 49 51 47 52 12 54 46 30 53 11 10 8 6 58 56 59 60 55 57 29 27 61 26 25 5 24 21 4 62 63 3 66 65 73 74 69 75 76 64 72 71 79 70 80 78 81 77 68 82 19 67 2 84 83 86 85 18 17 16 88 87 92 89 15 91 93 90 13 9 7 94 95 96 97 98 1 99 100 
100
53 55 56 52 51 59 61 60 58 57 48 46 54 44 42 62 50 49 47 39 38 64 63 45 34 43 33 31 30 41 67 65 69 70 29 71 72 68 73 66 28 27 40 74 75 37 24 23 18 17 10 36 76 6 3 2 77 1 35 79 78 81 32 80 26 82 25 85 84 83 22 87 86 21 89 90 91 94 92 96 95 97 93 100 99 98 88 20 19 16 15 14 13 12 11 9 8 7 5 4 
100
63 70 62 61 71 69 68 73 67 66 65 72 59 58 75 74 56 76 55 53 51 64 77 60 57 78 54 52 45 44 42 80 81 79 82 83 39 84 50 36 35 49 48 87 47 86 85 46 43 34 33 41 32 29 26 40 88 38 37 31 30 28 27 89 23 21 91 20 19 17 92 15 93 94 90 25 95 96 12 97 10 24 9 8 7 22 18 16 14 100 99 13 98 11 5 4 6 3 2 1 
100
58 55 53 52 57 56 59 50 54 51 60 61 49 48 62 46 45 47 44 43 42 39 41 40 38 63 34 65 64 37 66 68 32 69 72 73 71 31 30 75 76 70 67 77 80 79 81 74 83 29 82 26 84 25 78 24 86 85 36 35 33 87 90 89 88 23 22 21 28 20 19 16 91 14 13 27 8 5 18 2 1 92 95 17 100 98 97 99 96 15 94 93 12 11 10 9 7 6 4 3 
100
92 93 90 91 89 88 94 97 96 99 100 98 86 95 85 87 84 82 81 78 83 75 80 70 69 79 68 67 77 76 74 65 73 72 71 64 63 62 59 58 54 66 52 51 61 50 60 57 46 56 55 53 49 48 47 40 38 37 45 36 44 31 43 42 41 30 39 26 35 34 25 33 24 32 29 23 28 22 27 20 21 17 16 15 19 18 13 14 12 10 11 9 5 8 7 6 4 2 3 1 
100
20 21 16 15 19 18 17 14 23 12 26 10 25 9 24 22 28 27 13 7 5 4 2 1 11 29 8 30 6 3 32 31 34 36 35 37 33 38 39 42 43 44 41 45 47 40 50 48 49 57 56 55 51 54 61 59 60 46 64 67 70 68 69 73 74 75 72 71 76 77 79 78 66 81 80 82 84 83 86 85 65 89 87 63 88 90 91 92 93 95 94 97 96 99 98 62 58 100 53 52 
100
84 93 92 94 83 80 79 78 76 75 95 91 90 74 89 88 96 73 87 86 85 98 97 100 68 99 62 61 82 60 81 77 72 59 71 52 51 49 70 69 48 44 43 67 42 66 39 38 65 37 64 63 35 28 58 26 24 57 20 56 55 19 54 53 18 15 14 50 47 46 45 12 41 11 9 8 40 36 6 5 34 33 2 32 31 30 29 27 25 23 22 21 17 16 13 10 7 4 3 1 
100
56 54 55 53 51 59 58 60 62 57 52 50 46 45 44 65 63 61 64 66 67 42 41 68 38 37 49 36 35 31 48 69 47 43 29 40 39 70 72 71 28 73 74 25 77 24 76 23 78 22 75 34 21 19 18 17 33 32 30 79 16 81 80 27 26 20 85 15 87 14 89 90 91 12 11 10 93 8 7 94 92 96 88 86 98 100 99 97 95 84 6 2 83 1 82 13 9 5 4 3 
100
8 4 9 10 13 7 15 16 12 11 14 6 17 18 5 19 20 3 23 24 22 26 25 21 27 2 1 29 28 34 33 32 37 36 31 39 41 38 40 35 42 30 45 47 48 44 50 43 51 49 52 46 54 57 56 61 55 60 59 63 58 68 53 70 73 72 74 75 77 78 76 84 82 85 83 81 88 87 90 91 89 86 92 94 97 96 95 99 100 98 93 80 79 71 69 67 66 65 64 62 
100
69 70 64 71 68 67 73 66 65 74 76 63 61 75 72 62 77 60 58 56 55 78 80 59 79 57 54 53 83 82 81 84 52 86 85 50 48 87 46 88 44 90 91 43 92 42 89 100 98 99 96 97 36 95 35 33 94 93 51 32 49 27 47 26 24 45 21 41 40 20 19 39 17 38 16 37 15 34 31 30 29 14 13 12 11 9 28 6 25 23 4 22 2 18 10 8 7 5 3 1 
100
77 72 67 64 80 59 79 58 56 82 83 85 84 81 86 55 47 78 76 44 43 75 42 40 36 35 88 90 91 89 93 97 96 98 95 99 87 74 73 100 71 70 94 92 31 28 69 68 27 66 65 63 62 61 26 25 24 23 19 60 57 18 54 15 53 52 51 14 12 11 9 50 5 49 48 4 3 2 46 45 41 39 38 37 34 33 32 30 29 22 21 20 17 16 13 10 8 7 6 1 
100
69 68 64 63 71 70 72 67 66 62 58 74 65 61 77 78 60 59 79 76 75 81 73 80 85 88 87 86 84 82 83 57 56 52 51 50 89 90 55 94 93 92 49 47 91 46 54 95 43 96 98 97 42 39 37 53 33 100 29 28 99 27 26 48 45 25 44 23 41 40 21 38 20 19 36 35 34 17 32 31 15 30 10 8 6 5 24 22 2 18 1 16 14 13 12 11 9 7 4 3 
100
32 34 35 31 33 36 30 27 26 29 28 21 25 18 24 37 42 43 41 38 40 44 23 22 45 20 19 16 39 17 14 13 15 11 12 10 6 5 46 4 2 9 8 7 3 1 48 47 49 50 51 53 52 55 57 56 58 54 59 64 65 61 68 69 70 67 72 73 71 74 66 76 63 62 60 77 78 79 81 80 82 75 85 84 86 87 88 89 91 90 83 92 94 96 95 97 100 99 98 93 
100
82 85 81 80 86 87 84 79 83 77 88 78 89 76 73 75 90 74 71 92 91 93 95 69 96 97 98 67 99 94 72 70 68 64 100 66 63 62 53 51 65 49 61 48 60 46 44 59 58 43 39 57 35 30 56 55 29 54 27 26 25 24 17 14 12 10 52 9 50 5 3 2 47 45 42 41 40 38 37 36 34 33 32 31 28 23 22 21 20 19 18 16 15 13 11 8 7 6 4 1 
100
63 62 59 61 60 64 58 57 65 54 51 50 48 45 67 66 43 56 42 55 53 68 52 49 41 47 46 44 37 69 34 33 32 31 30 29 70 28 27 71 72 73 75 74 26 40 76 39 38 77 78 24 79 36 22 35 80 21 20 25 19 18 23 16 17 15 14 11 13 82 12 9 3 85 84 86 89 90 88 92 91 87 83 95 93 94 81 10 96 8 7 6 99 100 97 98 5 4 2 1 
100
21 18 22 15 23 24 7 6 5 20 19 26 28 17 16 27 25 4 3 30 31 29 33 32 34 14 13 35 36 12 37 11 10 38 41 44 43 45 46 48 47 50 51 49 53 56 58 60 59 62 57 55 63 65 66 61 70 69 71 64 54 52 42 40 75 74 73 76 39 9 72 79 77 8 81 2 1 83 82 86 80 87 78 88 91 90 85 92 84 93 98 96 97 95 94 100 99 89 68 67 
100
18 17 15 20 13 22 21 12 19 2 16 1 23 25 14 24 26 27 11 28 10 9 29 31 33 30 32 8 34 7 35 6 5 37 38 40 39 41 43 42 44 45 46 36 4 48 47 3 49 52 50 53 55 57 56 51 61 62 64 60 63 59 66 65 58 68 69 54 67 71 70 72 73 74 75 79 78 80 81 77 76 82 86 87 88 85 89 91 90 84 96 95 98 97 99 94 100 93 92 83 
100
67 63 66 65 68 64 61 60 69 58 70 55 62 54 51 46 45 44 42 74 41 40 73 72 71 77 75 78 76 37 59 57 79 36 56 80 53 34 52 31 22 16 15 50 82 49 83 84 81 14 85 48 11 47 8 7 43 87 39 86 89 4 3 88 38 2 91 93 90 35 33 32 94 96 95 97 92 99 100 98 30 29 28 27 26 25 24 23 21 20 19 18 17 13 12 10 9 6 5 1 
100
68 70 67 69 66 65 73 72 71 74 64 63 61 60 62 75 77 59 54 78 51 48 85 83 84 81 86 47 87 46 42 93 90 89 41 39 95 94 92 96 97 98 91 38 99 88 100 82 80 79 34 76 58 57 33 30 56 55 53 29 24 52 22 21 50 49 20 45 19 44 18 17 43 40 15 14 37 13 36 12 35 32 10 9 31 28 6 27 26 25 23 16 5 11 8 7 3 4 2 1 
100
62 63 66 68 67 60 59 70 69 65 57 64 71 55 53 51 72 73 77 75 61 76 78 79 80 58 81 56 54 74 82 52 48 47 84 83 50 49 87 85 46 45 43 90 89 39 88 86 38 44 91 92 42 41 94 93 40 35 37 31 29 95 96 36 28 27 26 97 98 34 100 99 33 32 30 25 24 23 17 22 16 14 12 21 20 19 18 10 9 15 7 13 11 6 8 5 4 3 2 1 
100
23 22 24 21 20 25 17 10 19 26 18 16 8 7 6 28 5 30 4 1 35 37 38 39 36 41 40 43 42 34 45 46 33 32 48 47 44 49 31 50 51 53 52 29 55 56 54 27 15 14 13 57 12 59 58 62 61 64 60 65 66 63 70 69 68 74 73 75 72 71 77 67 76 78 11 9 80 81 79 3 82 83 2 85 84 86 87 88 90 92 93 94 91 89 96 97 98 99 95 100 
100
80 78 81 77 74 84 83 85 82 86 73 87 79 67 89 65 64 90 88 91 76 75 63 72 59 71 70 92 57 56 69 68 66 54 62 61 60 93 49 58 96 95 55 94 97 53 52 45 99 98 100 51 50 48 47 46 44 42 43 40 41 39 34 33 38 32 37 36 31 35 30 29 25 28 24 27 23 21 26 22 20 18 17 19 15 16 13 14 11 12 10 7 6 9 5 8 4 2 1 3 
100
42 41 40 46 45 38 37 47 36 44 49 43 48 39 33 31 35 30 34 32 24 21 50 29 16 14 12 51 52 54 60 61 59 65 63 66 64 62 70 69 72 56 55 71 68 28 67 27 26 58 25 23 22 20 19 18 17 74 15 73 75 13 8 6 79 82 81 80 83 76 85 84 87 78 86 88 77 89 5 90 57 4 91 3 93 53 92 11 95 10 9 94 97 96 100 99 98 7 2 1 
100
21 22 17 16 20 24 25 23 28 27 26 19 32 31 18 36 35 38 37 34 41 40 42 39 15 33 30 29 14 11 9 8 48 47 7 6 46 49 50 5 45 44 4 2 43 51 53 52 55 58 57 59 56 60 54 13 62 61 63 65 12 67 68 66 10 3 64 1 70 71 73 76 75 78 74 77 81 80 84 83 88 89 91 90 82 79 92 72 93 96 98 69 97 95 94 87 99 100 86 85 
100
19 18 21 20 13 17 12 10 9 6 5 2 22 16 15 14 11 24 25 27 30 29 26 31 28 32 8 7 33 23 35 37 36 34 4 40 3 39 1 41 42 43 38 45 47 46 49 48 50 44 52 54 53 55 56 51 62 65 66 68 67 64 63 70 72 71 76 75 73 69 74 79 80 81 78 61 60 82 57 77 85 84 83 59 58 87 89 86 88 90 92 91 97 96 98 95 94 93 100 99 
100
30 27 29 26 28 25 32 22 21 33 14 31 34 36 35 24 23 20 19 18 12 11 37 7 17 6 16 15 13 4 38 39 3 2 10 41 42 44 40 45 1 47 48 46 43 55 56 54 52 57 58 49 59 9 53 60 51 50 63 62 61 64 8 65 66 67 69 70 71 72 68 5 73 74 75 76 79 81 83 82 85 86 87 80 78 84 77 89 92 94 95 96 99 100 98 97 93 91 90 88 
100
91 90 85 89 83 95 94 92 88 93 87 86 84 82 81 97 96 98 99 100 79 76 80 75 78 77 73 71 69 65 64 63 74 72 70 61 58 54 52 68 51 67 50 66 44 62 60 59 40 57 39 56 55 37 36 53 49 34 48 47 33 32 22 46 21 45 43 20 19 17 14 42 12 41 11 10 38 35 31 8 7 30 29 28 27 26 6 25 5 3 2 24 23 18 16 15 13 9 4 1 
100
26 23 27 22 25 24 21 19 20 28 29 18 17 30 13 12 16 15 31 34 32 35 33 11 36 39 45 42 41 40 46 38 14 44 43 47 1 48 37 10 9 8 7 51 50 49 6 55 56 54 57 53 58 52 60 59 63 64 67 68 69 62 66 65 61 72 71 73 74 75 76 70 77 5 79 4 78 3 82 81 84 85 83 87 88 90 86 91 89 80 92 97 94 100 99 98 96 95 93 2 
100
9 7 8 6 5 1 4 10 11 14 15 16 18 17 13 20 12 21 23 22 19 3 24 2 26 25 28 27 30 32 33 34 41 40 42 39 38 37 43 36 44 35 31 45 46 47 29 49 51 54 50 48 57 56 59 60 58 61 62 65 64 63 66 55 53 67 68 69 52 70 73 74 71 72 76 77 78 81 80 85 86 84 88 83 89 90 82 91 79 87 94 75 98 99 97 100 96 95 93 92 
100
90 92 95 91 97 96 94 93 99 98 87 86 84 100 82 89 79 88 85 83 78 81 80 75 77 69 68 76 74 73 72 71 66 65 70 64 58 53 67 63 62 52 61 51 60 46 44 59 57 56 55 54 43 50 49 48 47 42 40 38 45 41 37 39 36 35 34 33 32 27 31 30 26 29 24 21 19 18 15 12 10 8 28 7 4 1 25 23 22 20 17 16 14 13 11 9 6 5 3 2 
100
28 32 31 30 29 33 27 24 34 26 36 25 38 39 35 40 41 23 37 42 43 22 21 20 18 19 14 45 17 16 46 47 44 13 15 12 9 49 7 48 11 3 2 10 50 52 53 51 8 1 54 55 57 56 58 59 64 66 68 69 72 70 67 74 73 71 65 75 63 62 77 61 76 78 79 60 6 80 83 5 84 82 81 86 85 87 88 90 89 91 4 92 94 95 93 97 96 98 99 100